('A' OR 'B')
1291543
1291544
1291545
1291546
1291548
1291549
1291550
1291552
1291554
1291555
1291557
1291558
1291559
1291560
1291561
1291562
1291565
1291571
1291572
1291573
1291574
1291575
1291577
1291578
1291579
1291580
1291581
1291582
1291583
1291584
1291585
1291586
1291588
1291818
1291822
1291824
1291828
1291832
1291833
1291835
1291836
1291838
1291840
1291841
1291842
1291843
1291844
1291847
1291850
1291851
1291853
1291856
1291858
1291859
1291868
1291869
1291870
1291875
1291877
1291878
1291879
1291937
1291990
1291992
1291999
1292000
1292001
1292047
1292048
1292049
1292055
1292056
1292062
1292063
1292064
1292207
1292208
1292211
1292212
1292213
1292214
1292215
1292216
1292217
1292218
1292219
1292220
1292222
1292223
1292224
1292225
1292226
1292229
1292233
1292234
1292260
1292262
1292268
1292270
1292271
1292272
1292274
1292275
1292279
1292281
1292286
1292287
1292288
1292289
1292326
1292328
1292329
1292331
1292341
1292343
1292344
1292347
1292348
1292365
1292370
1292396
1292401
1292402
1292434
1292444
1292450
1292484
1292504
1292523
1292528
1292553
1292656
1292659
1292679
1292704
1292718
1292720
1292722
1292728
1292792
1292849
1292895
1292950
1292973
1293013
1293050
1293088
1293124
1293135
1293145
1293167
1293172
1293173
1293181
1293182
1293203
1293234
1293258
1293315
1293317
1293318
1293323
1293350
1293351
1293353
1293359
1293377
1293399
1293460
1293475
1293527
1293530
1293531
1293537
1293544
1293555
1293607
1293691
1293702
1293708
1293764
1293765
1293818
1293825
1293839
1293867
1293929
1293964
1294007
1294037
1294114
1294136
1294194
1294240
1294362
1294371
1294408
1294417
1294561
1294621
1294638
1294639
1294671
1294766
1294833
1294941
1294950
1294963
1294990
1295038
1295045
1295120
1295124
1295229
1295242
1295250
1295253
1295280
1295292
1295318
1295340
1295374
1295384
1295399
1295409
1295428
1295469
1295485
1295644
1295686
1295865
1295873
1295965
1296011
1296078
1296157
1296201
1296253
1296339
1296384
1296436
1296629
1296717
1296736
1296753
1296778
1296837
1296909
1296935
1296992
1296996
1297018
1297052
1297068
1297102
1297131
1297192
1297223
1297291
1297304
1297359
1297447
1297518
1297544
1297570
1297574
1297630
1297689
1297747
1297756
1297763
1297862
1297863
1297909
1297995
1298038
1298040
1298070
1298112
1298128
1298346
1298443
1298525
1298586
1298624
1298644
1298653
1298744
1298874
1298898
1298909
1299059
1299062
1299080
1299131
1299193
1299288
1299327
1299362
1299383
1299398
1299513
1299603
1299624
1299643
1299661
1299680
1299745
1299769
1299889
1300055
1300056
1300064
1300069
1300108
1300220
1300265
1300267
1300275
1300299
1300300
1300303
1300353
1300374
1300395
1300498
1300528
1300555
1300566
1300608
1300616
1300618
1300656
1300741
1300868
1300883
1300945
1300960
1301106
1301168
1301169
1301171
1301345
1301445
1301459
1301509
1301578
1301726
1301746
1301753
1301757
1301890
1301912
1301948
1302061
1302090
1302303
1302425
1302467
1302476
1302642
1302769
1302795
1302827
1302987
1303010
1303021
1303037
1303053
1303173
1303184
1303203
1303246
1303394
1303485
1303590
1303630
1303815
1303907
1304022
1304056
1304073
1304102
1304141
1304282
1304337
1304447
1304485
1304530
1304585
1304608
1304624
1304641
1304643
1304677
1304826
1304854
1304970
1304972
1305034
1305053
1305065
1305068
1305088
1305158
1305164
1305179
1305182
1305197
1305224
1305265
1305279
1305333
1305355
1305466
1305487
1305541
1305666
1305690
1305703
1305713
1305724
1305903
1306029
1306123
1306154
1306160
1306249
1306317
1306319
1306541
1306612
1306666
1306808
1306809
1306939
1306951
1307014
1307023
1307043
1307072
1307106
1307181
1307315
1307323
1307332
1307394
1307527
1307528
1307542
1307681
1307690
1307694
1307696
1307697
1307702
1307739
1307740
1307748
1307762
1307766
1307781
1307793
1307847
1307849
1307853
1307868
1307906
1307914
1307955
1307956
1308076
1308111
1308338
1308482
1308520
1308570
1308573
1308575
1308587
1308599
1308620
1308655
1308699
1308722
1308741
1308746
1308747
1308748
1308749
1308751
1308752
1308753
1308755
1308767
1308776
1308777
1308779
1308799
1308804
1308807
1308811
1308817
1308819
1308820
1308827
1308831
1308833
1308838
1308843
1308848
1308854
1308855
1308857
1308865
1308974
1308988
1309004
1309015
1309016
1309020
1309027
1309043
1309044
1309045
1309046
1309052
1309054
1309059
1309060
1309069
1309078
1309101
1309103
1309136
1309160
1309163
1309172
1309184
1309199
1309201
1309220
1310185
1315316
1315574
1316510
1316513
1316580
1322851
1323749
1325958
1329286
1329562
1329936
1329950
1329962
1366853
1369747
1381964
1388175
1388216
1393479
1393859
1394324
1394819
1395776
1400665
1400868
1401205
1401524
1401533
1401535
1408100
1408312
1410556
1412579
1417598
1417946
1418019
1418070
1418189
1418190
1418191
1418192
1418200
1418605
1418640
1418752
1418834
1419297
1419581
1419933
1419936
1419969
1422952
1428175
1428577
1428578
1428581
1428602
1428878
1431685
1431699
1431718
1431719
1431947
1432146
1432972
1433330
1433360
1433577
1433673
1433736
1436870
1437342
1438652
1438760
1439890
1440703
1441238
1441602
1450031
1451911
1455979
1457217
1457218
1457707
1461964
1461985
1464338
1464540
1465829
1466007
1466394
1467044
1468155
1469441
1470600
1471507
1474180
1474185
1474189
1477448
1477894
1478064
1478926
1482072
1482077
1482911
1483507
1484091
1484760
1485260
1498818
1498831
1499008
1499148
1578503
1578507
1578685
1585146
1585236
1607471
1652587
1689787
1727557
1756073
1759386
1760027
1760104
1760622
1761854
1763134
1764796
1765009
1766086
1767042
1777612
1780330
1781126
1781597
1781621
1782004
1783457
1783772
1787291
1788392
1790577
1792928
1793491
1793903
1793912
1794171
1794435
1796053
1800597
1806543
1806555
1817253
1819388
1820145
1820156
1828115
1829230
1829654
1835843
1837856
1844413
1848925
1849031
1851857
1851906
1853176
1853621
1855834
1857099
1858711
1858802
1859036
1860377
1861411
1862151
1863923
1864810
1865561
1865703
1866424
1866475
1867335
1867345
1867408
1870044
1872133
1873750
1875313
1876781
1885124
1890157
1890784
1891179
1891211
1892510
1892531
1899125
1900841
1905462
1907464
1914831
1917074
1919245
1920805
1922273
1927369
1927686
1937401
1937502
1938312
1939414
1945330
1945336
1945549
1946882
1947089
1947091
1947144
1947549
1949312
1949761
1949811
1949812
1950148
1950525
1951318
1959877
1961963
1962116
1966464
1972698
1978709
1979063
1981242
1994876
1997679
1997681
1998799
2003389
2027938
2027945
2028645
2028647
2028666
2032236
2033822
2037012
2038365
2043546
2044089
2044102
2046839
2051007
2053515
2054024
2054026
2054933
2055017
2059225
2063528
2072478
2078864
2080133
2082013
2123510
2124586
2124703
2124724
2129039
2131459
2131654
2132120
2132220
2132495
2132932
2135981
2138382
2144242
2146991
2147854
2148394
2148619
2149806
2153526
2154096
2156528
2156754
2156945
2161696
2181930
2209368
2209573
2213591
2213597
2222995
2223596
2230888
2257732
2267369
2268359
2277018
2294568
2295401
2297265
2297275
2300586
2301701
2326676
2334814
2334904
2336737
2336785
2346881
2350904
2353023
2354729
2357162
2357708
2357719
2359431
2361823
2368641
2369549
2969282
2976123
2996640
2998270
3005496
3005875
3006772
3007773
3007826
3011049
3011072
3011091
3011093
3011102
3011225
3011308
3013580
3018123
3026357
3033864
3036997
3041294
3041806
3066739
3072086
3072124
3073124
3074303
3074503
3077668
3077791
3078386
3078609
3102668
3120852
3126196
3130180
3148027
3148748
3149087
3157605
3158990
3190880
3198015
3205624
3212120
3215640
3230459
3230462
3233761
3240208
3279080
3279107
3287562
3289086
3291930
3312344
3313801
3314870
3319755
3335371
3344570
3412830
3412882
3420455
3442220
3445526
3541415
3543690
3546019
3552028
3578981
3596502
3606975
3607666
3626416
3628370
3642866
3647523
3670447
3683409
3690289
3718447
3732780
3734112
3734350
3737102
3742360
3754946
3777800
3792799
3792816
3804470
3805953
3813779
3820191
3824672
3897667
3908423
3920977
3928370
3986493
4009651
4023638
4059245
4062922
4066206
4097023
4111416
4133814
4133988
4145476
4151110
4164444
4190211
4226741
4237879
4268598
4271894
4300525
4305436
4312232
4323732
4707230
4896263