('A' OR 'B')
1291545
1291546
1291549
1291560
1291585
1291828
1291875
1292000
1292001
1292048
1292063
1292215
1292224
1292281
1292720
1293181
1293350
1293839
1293964
1294136
1295644
1296909
1298624
1300267
1300960
1305164
1307394
1369747
1408100
1418019
1419297
1438760
1787291
1800597
1864810
1865703
1899125
2149806
2156528
3072124
3190880
1291565
1291584
1291841
1291851
1291879
1291990
1292208
1292226
1292260
1292270
1292288
1292329
1292434
1293182
1293234
1293359
1293399
1294371
1295399
1295428
1295686
1295873
1296157
1297131
1300056
1300395
1301106
1303021
1307528
1307766
1307853
1308777
1417946
1418200
1470600
1578507
1761854
1817253
1998799
2156754
2336737
3007773
3018123
3442220
3734350
3920977
4226741
1848925
1291583
1291832
1297995
1308807
1393859
3742360
1291548
1293764
1294408
1294638
1305158
1979063
2043546
2138382
2326676
1292401
1293460
1296736
1431947
1782004
3335371
1381964
1292217
1292262
1300374
1295124
1305666
1900841
1959877
1309043
1291877
1307847
3314870
3908423
1291580
1291818
1291870
1292718
1296339
1302467
1309027
1417598
3006772
1302827
1308817
1325958
1962116
1291853
1292328
1783772
1291552
1291571
1291572
1291999
1292223
1292233
1292528
1293318
1293544
1295865
1297630
1299398
1300299
1301753
2131459
3541415
1299080
1292348
1308767
1756073
2181930
1292211
1428581
1461964
2132220
1292218
3011091
1292222
1294194
1297574
1306029
1291561
1292279
1293702
1294362
1297518
1294240
1302061
1296992
1309045
1291858
1652587
1291588
3986493
1297756
1428578
1292047
1297052
1291878
1291937
1296753
1291822
1292444
1291868
1292271
1867345
1292220
1291843
1292679
1292722
1793491
1858711
1292064
1292213
1292229
1292370
1309060
1485260
1851857
1862151
2213597
1291579
1292656
1294639
1307914
1780330
1292225
1292207
3011049
1300616
1766086
1294990
1431719
1299131
1304056
3157605
1292504
1297862
1299889
1301171
1308755
1309015
1292216
1292950
1293527
1294941
1304073
1308575
1308804
1794171
1905462
1919245
3205624
3734112
1292055
1302642
1291573
1316580
1419936
1291840
1292347
1292275
1305690
1981242
3212120
1297359
1849031
1293929
1292365
1292062
1292274
1293818
1978709
1308865
1298653
1851906
2154096
4023638
1292792
1295409
1301169
1308857
1388216
1304447
1307542
1293315
1316510
1299288
1438652
1292049
1307793
1309004
1293145
1296717
3072086
1291557
1292402
1292659
1431699
3319755
1291992
1295038
1860377
1307696
2124703
1300069
1299062
1299603
1300656
1300741
1301912
3007826
4164444
1309069
1291859
1428175
1469441
1292849
4300525
2132495
1329936
1291562
1293708
2124586
1294561
1297223
1298909
1299059
1303053
1303184
1855834
1307748
1394819
1291833
1292056
1291856
1945336
1305487
1292523
1428577
1431718
1292728
1292287
1293377
1293530
1300300
1308820
1309101
1781597
2334904
1298070
1300868
3036997
1307315
1408312
1820145
1294417
1294833
1297763
1301578
1308848
1315574
1441238
3230459
1950148
2032236
1308599
1777612
1303590
1309016
1872133
2027938
1309163
1781621
1432146
1299193
2996640
1431685
1304826
1308843
1945330
1293323
1309046
1291586
1300945
1304141
1759386
2353023
1291558
1291835
1308833
1299513
1477894
1291575
1291838
1298898
1299327
2209573
1291577
1299362
1760622
1292286
1292343
1305179
1876781
1291844
1307697
1302425
1304102
4268598
1303173
1303394
1892531
2146991
1293124
1303907
4009651
1302476
1292219
1298038
1294950
2027945
1292553
1291847
1837856
1292704
1309201
2129039
2334814
1305182
1308776
1293088
3287562
1291544
1291559
1291581
1291842
1291850
1292268
1292289
1292326
1292344
1292396
1292450
1293013
1293172
1293203
1293531
1293537
1293825
1293867
1295120
1296078
1296436
1296935
1297544
1297689
1298128
1298586
1298744
1298874
1299624
1300055
1300064
1300220
1300353
1300528
1300618
1303037
1303630
1305197
1305724
1306808
1307106
1307681
1307739
1308620
1308819
1309160
1323749
1366853
1394324
1400868
1401535
1418752
1432972
1433736
1440703
1450031
1457707
1464540
1466007
1468155
1474180
1483507
1498818
1578503
1689787
1794435
1796053
1806543
1829230
1829654
1853621
1867335
2003389
2028666
2044089
2046839
2051007
2053515
2054933
2063528
2132932
2144242
2277018
2297265
2297275
2357162
2361823
2369549
3005496
3011072
3011225
3011308
3013580
3026357
3073124
3074303
3077668
3158990
3215640
3552028
3626416
3642866
3690289
3737102
4059245
4145476
4305436
4312232
3148748
1498831
1308749
1295250
1301746
1972698
1301890
1865561
1291869
1295965
1301509
1412579
1920805
1329950
1306939
3077791
3792799
1292272
1297863
1305541
1820156
1857099
1467044
1295485
1296837
1298443
1301948
1308741
1418834
1297570
1308854
2054024
1309078
1292214
1863923
1293173
1307527
2969282
1304530
1767042
1418070
1828115
1295045
1309020
1428878
2082013
1304585
1484091
1291574
1296384
1303010
1305224
1308747
1418640
1781126
1783457
2148619
1296778
1292212
1304970
1308779
1388175
1296996
1292234
1307690
1937401
1961963
1293050
1298112
3279107
1292484
2294568
1291554
1299769
1302987
1303485
1304972
1499148
2078864
3102668
3198015
1305088
1308751
1418192
1763134
2037012
1292973
2153526
1293555
1297447
1304022
1304641
1291543
1291578
1307014
2300586
1890784
1866424
1293353
1307694
1309054
1477448
1300108
1305053
1305333
1471507
3041806
1293351
1474185
3149087
1295229
1295374
1299383
1301345
1303815
1304624
1907464
2028645
2072478
3120852
3233761
1306249
1293475
1295318
1300498
1306951
1308831
2223596
1301445
1297192
1433577
1474189
1461985
3078609
1291836
1295280
1482072
1294766
1294114
1296253
1309103
1945549
1308974
3005875
1294007
1303246
1297102
1307955
1422952
1301757
1300275
1309052
1806555
1466394
1291555
1291550
1295242
1305279
1307332
1765009
1306612
1309199
1291582
1316513
2080133
1293135
2295401
3011093
3805953
1293765
1294963
1891211
1994876
1296201
1300566
1300883
1304677
1764796
1853176
1858802
1870044
2346881
3897667
4133988
1292895
1302090
1308799
1433673
1306666
1585236
1922273
1947549
1291824
1844413
3033864
1885124
1301459
1927369
1997681
1300555
1890157
1294671
1307740
1308811
2132120
1295292
2124724
1309172
1793912
1308587
1418190
1305903
1294621
1306317
2267369
1299661
3412882
1308076
1296011
1437342
1308570
1302303
1304485
1419933
1309044
1293167
1301168
1305065
1859036
1305466
1306154
1465829
1300303
1457217
3279080
1298644
1306160
1306809
1441602
1298525
1307956
1315316
1436870
1760027
1299643
1308746
1309184
1607471
4896263
1307702
1937502
3578981
3824672
1293317
1478064
1305355
1309136
1949312
2147854
2357719
2998270
1793903
1305034
1305703
1307906
1308520
1300608
1308573
1322851
2148394
1297018
1578685
1819388
2213591
1949812
3011102
1401524
1329286
1966464
2033822
1329562
1927686
1306123
1293258
1295340
1305265
1297291
1308111
1835843
1418191
3313801
1914831
1297909
1297747
1310185
2209368
3066739
4190211
1297068
1308655
1296629
1304282
1304854
1307023
1307181
1308753
1308838
1329962
1393479
1949811
1951318
3291930
1295253
1298040
1302795
1305068
1305713
1867408
1292331
1292341
1293607
1295384
1297304
1299745
1300265
1301726
1304337
1304643
1306541
1308855
1309220
1395776
1400665
1410556
1418189
1419581
1433330
1451911
1457218
1464338
1484760
1790577
1866475
1873750
1875313
1946882
1947089
2028647
2038365
2059225
2131654
2156945
2336785
2350904
2354729
2357708
2359431
2976123
3078386
3607666
3777800
4133814
2161696
2230888
3445526
1307762
1482077
2268359
1303203
1295469
1433360
1308752
3312344
3596502
1308482
1308338
1294037
1304608
1401533
1792928
1309059
3732780
3130180
1293691
1307323
4271894
1760104
1308748
1401205
1307043
3041294
4237879
1788392
3543690
3683409
1308988
1861411
3230462
3813779
2054026
3628370
1307072
1308699
1917074
1947144
2368641
2044102
1302769
1997679
3289086
4151110
3820191
3546019
3148027
1306319
1455979
3240208
1891179
4066206
1299680
1482911
1892510
2123510
3074503
3412830
2135981
3804470
1418605
1307781
1308722
1938312
1478926
3420455
2301701
3792816
4707230
1307868
1950525
2222995
3718447
1307849
1298346
1439890
1947091
2257732
3647523
3928370
1939414
1499008
1585146
1727557
3606975
4111416
3126196
1308827
4097023
1949761
3754946
1419969
3670447
3344570
4323732
1428602
2055017
4062922
